cp1=1
cp2=0.009765625
cp3=2.49877870053737
cp4=3
vp1=0.599853515625
vp2=0.099853515625
vp16=0
vp3=1
vp4=1000
vp5=10000
pp1=10
pp2=0
pp3=1000
vp6=1
cp5=2
vp7=2
pp5=0
vp8=199.98046875
vp9=2
ss1=0
ct1=0
ct2=0
ct3=-1
dd1=0.0146555935515388
dd6=-0.0170981924767953
dd3=-0.00732779677576942
dd9=0.00732779677576942
dd2=0
dd4=0
dd5=0
dd21=0
dd7=-1
dd8=-1
dd20=0
dd10=24.75
dd19=15.1067415730337
dd12=79.7619047619048
dd11=0
st1=4000
tp1=0
tp3=1500
ip0=0
st2=21.2998046875
ip1=1
tp2=25
tp5=25
tp6=10
ip2=255
ip3=255
ip4=0
st3=1020253
ip5=12
ss2=0
ss3=0
ss4=0
ss5=0
ss6=0
ss7=0
ss8=4660
ss9=-1
ss10=0
ss11=160
ss12=0
ss13=32688
ss14=12
ss15=-28672
ip6=2150
dd13=0
dd14=0
vp10=0
vp11=0
vp12=0
vp13=0
ip7=1
ip8=0
ip9=0
ip10=3
vp14=195
vp15=1
si1=2014
si2=2026
pp6=100
ip11=4
ep1=0
ep2=90
dd15=0
dd16=0
ip12=0
dd17=-93
dd18=-99
up0=200
up1=79841
up2=-15723260
up3=-1
up4=-1
up5=-1
up6=-1
up7=-1
st4=2
st5=1
cp6=100
ep3=9000
ep4=6000
ep5=85
cp7=1
ep6=0
up8=0
up9=0
up10=0
up11=287228474
up12=0
dd22=0
ip13=-2147483648
ip14=2147483647
dd23=0
dd24=22917
ip15=1000
cp8=2500
ip16=0
up13=287228474
up14=0
up15=2
up16=1
ip17=5000
ip18=6000
st6=17
st7=0
io0=0
io1=0
io2=1
io3=1
io4=0
io5=0
io6=0
io7=0
io8=0
io9=0
io10=0
io11=0
io12=0
io13=0
io14=2
dd25=0
st8=0
vp17=100
cp9=0
cp10=63.9375
dd26=0
dd27=0.0122129946262824
dd28=-0.0675675675675676
dd29=0.0675675675675676
pd1=0
pd2=1000
pd3=1.099853515625
pd4=0.099853515625
pd5=0
pd6=200
pd7=200
pd8=200
pd9=200
pd10=0
pd11=0
pd12=0
pd13=0
pd14=200
pd15=0
pd16=0
pd17=0
pp7=2097148
pp8=0
pp9=1000
pp10=0
vp18=0
vp19=60001
vp20=0
vp21=0
vp22=0
vp23=0
vp24=0
st9=0
st10=1000
dd30=0
ss16=0
ss17=0
ss18=0
pd18=1
pd19=1
ep7=0
pp11=1
ip19=0
ip20=0
dd31=0
vp25=1
vp26=1
up17=0
up18=0
up19=0
up20=0
up21=0
up22=0
up23=0
up24=0
dd32=0
cp11=1
cp12=1
st11=80
st12=1
st13=0
dd33=-1655502671
dd34=-407192.785888672
st14=170
Programs:
Bank 0
4
3
W=0,A=10000
HALT
Bank 0 end
Bank 1
23
3
X=W
P=P,A=10000
PCUR=0
WAIT(dd8=0)
WAIT(dd7=0)
W=X,A=10000
HALT
Bank 1 end
Bank 2
16
3
PCUR=0
WAIT(dd8=0)
WAIT(dd7=0)
HALT
Bank 2 end
Bank 3
19
3
P=P,A=10000
PCUR=0
WAIT(dd8=0)
WAIT(dd7=0)
HALT
Bank 3 end
Bank 4
0
3
Bank 4 end
Bank 5
0
3
Bank 5 end
Bank 6
0
3
Bank 6 end
Bank 7
0
3
Bank 7 end
